week_t-7,is_weekend_t-7,is_holiday_t-7,season_t-7,act_in_vehicle_hr_4_t-7,act_on_bike_hr_4_t-7,act_on_foot_hr_4_t-7,act_running_hr_4_t-7,act_still_hr_4_t-7,act_tilting_hr_4_t-7,act_unknown_hr_4_t-7,act_walking_hr_4_t-7,step_hr_4_t-7,week_t-6,is_weekend_t-6,is_holiday_t-6,season_t-6,act_in_vehicle_hr_4_t-6,act_on_bike_hr_4_t-6,act_on_foot_hr_4_t-6,act_running_hr_4_t-6,act_still_hr_4_t-6,act_tilting_hr_4_t-6,act_unknown_hr_4_t-6,act_walking_hr_4_t-6,step_hr_4_t-6,week_t-5,is_weekend_t-5,is_holiday_t-5,season_t-5,act_in_vehicle_hr_4_t-5,act_on_bike_hr_4_t-5,act_on_foot_hr_4_t-5,act_running_hr_4_t-5,act_still_hr_4_t-5,act_tilting_hr_4_t-5,act_unknown_hr_4_t-5,act_walking_hr_4_t-5,step_hr_4_t-5,week_t-4,is_weekend_t-4,is_holiday_t-4,season_t-4,act_in_vehicle_hr_4_t-4,act_on_bike_hr_4_t-4,act_on_foot_hr_4_t-4,act_running_hr_4_t-4,act_still_hr_4_t-4,act_tilting_hr_4_t-4,act_unknown_hr_4_t-4,act_walking_hr_4_t-4,step_hr_4_t-4,week_t-3,is_weekend_t-3,is_holiday_t-3,season_t-3,act_in_vehicle_hr_4_t-3,act_on_bike_hr_4_t-3,act_on_foot_hr_4_t-3,act_running_hr_4_t-3,act_still_hr_4_t-3,act_tilting_hr_4_t-3,act_unknown_hr_4_t-3,act_walking_hr_4_t-3,step_hr_4_t-3,week_t-2,is_weekend_t-2,is_holiday_t-2,season_t-2,act_in_vehicle_hr_4_t-2,act_on_bike_hr_4_t-2,act_on_foot_hr_4_t-2,act_running_hr_4_t-2,act_still_hr_4_t-2,act_tilting_hr_4_t-2,act_unknown_hr_4_t-2,act_walking_hr_4_t-2,step_hr_4_t-2,week_t-1,is_weekend_t-1,is_holiday_t-1,season_t-1,act_in_vehicle_hr_4_t-1,act_on_bike_hr_4_t-1,act_on_foot_hr_4_t-1,act_running_hr_4_t-1,act_still_hr_4_t-1,act_tilting_hr_4_t-1,act_unknown_hr_4_t-1,act_walking_hr_4_t-1,step_hr_4_t-1,week_t-0,is_weekend_t-0,is_holiday_t-0,season_t-0,act_in_vehicle_hr_4_t-0,act_on_bike_hr_4_t-0,act_on_foot_hr_4_t-0,act_running_hr_4_t-0,act_still_hr_4_t-0,act_tilting_hr_4_t-0,act_unknown_hr_4_t-0,act_walking_hr_4_t-0,step_hr_4_t-0,week_mean,is_weekend_mean,is_holiday_mean,season_mean,act_in_vehicle_hr_4_mean,act_on_bike_hr_4_mean,act_on_foot_hr_4_mean,act_running_hr_4_mean,act_still_hr_4_mean,act_tilting_hr_4_mean,act_unknown_hr_4_mean,act_walking_hr_4_mean,step_hr_4_mean,week_std,is_weekend_std,is_holiday_std,season_std,act_in_vehicle_hr_4_std,act_on_bike_hr_4_std,act_on_foot_hr_4_std,act_running_hr_4_std,act_still_hr_4_std,act_tilting_hr_4_std,act_unknown_hr_4_std,act_walking_hr_4_std,step_hr_4_std,week_skew,is_weekend_skew,is_holiday_skew,season_skew,act_in_vehicle_hr_4_skew,act_on_bike_hr_4_skew,act_on_foot_hr_4_skew,act_running_hr_4_skew,act_still_hr_4_skew,act_tilting_hr_4_skew,act_unknown_hr_4_skew,act_walking_hr_4_skew,step_hr_4_skew,target
6.0,1.0,0.0,3.0,0.0,0.0,,0.0,3600.0,,0.0,0.0,0.0,7.0,1.0,0.0,3.0,0.0,0.0,,0.0,3600.0,,0.0,0.0,0.0,1.0,0.0,0.0,3.0,0.0,0.0,,0.0,3600.0,,0.0,0.0,0.0,2.0,0.0,0.0,3.0,0.0,0.0,,0.0,3600.0,,0.0,0.0,0.0,3.0,0.0,0.0,3.0,0.0,0.0,,0.0,3600.0,,0.0,0.0,0.0,4.0,0.0,0.0,3.0,0.0,0.0,,0.0,3600.0,,0.0,0.0,0.0,5.0,0.0,0.0,3.0,0.0,0.0,,0.0,3600.0,,0.0,0.0,0.0,6.0,1.0,0.0,3.0,0.0,0.0,,0.0,3287.0,,0.0,313.0,92.0,4.25,0.375,0.0,3.0,0.0,0.0,,0.0,3560.875,,0.0,39.125,11.5,2.1213203435596424,0.5175491695067657,0.0,0.0,0.0,0.0,,0.0,110.66221125569469,,0.0,110.66221125569469,32.526911934581186,-0.31426968052735443,0.6440611887195306,0.0,0.0,0.0,0.0,,0.0,-2.82842712474619,,0.0,2.82842712474619,2.8284271247461903,3.0
2.0,0.0,0.0,3.0,0.0,0.0,,0.0,3600.0,,0.0,0.0,0.0,3.0,0.0,0.0,3.0,0.0,0.0,,0.0,3600.0,,0.0,0.0,0.0,4.0,0.0,0.0,3.0,0.0,0.0,,0.0,3600.0,,0.0,0.0,0.0,5.0,0.0,0.0,3.0,0.0,0.0,,0.0,3600.0,,0.0,0.0,0.0,6.0,1.0,0.0,3.0,0.0,0.0,,0.0,3287.0,,0.0,313.0,92.0,7.0,1.0,0.0,3.0,0.0,0.0,,0.0,3600.0,,0.0,0.0,0.0,1.0,0.0,0.0,3.0,0.0,0.0,,3.0,3413.0,,0.0,184.0,100.0,2.0,0.0,0.0,3.0,0.0,0.0,,0.0,3600.0,,0.0,0.0,0.0,3.75,0.25,0.0,3.0,0.0,0.0,,0.375,3537.5,,0.0,62.125,24.0,2.1213203435596424,0.4629100498862757,0.0,0.0,0.0,0.0,,1.0606601717798212,120.52741241251778,,0.0,120.08858337553515,44.49076950816395,0.31426968052735443,1.4401645996461911,0.0,0.0,0.0,0.0,,2.8284271247461903,-1.7606203343347284,,0.0,1.7775063298485823,1.4501282339998078,-3.0
4.0,0.0,0.0,3.0,0.0,0.0,,0.0,3600.0,,0.0,0.0,0.0,5.0,0.0,0.0,3.0,0.0,0.0,,0.0,3600.0,,0.0,0.0,0.0,6.0,1.0,0.0,3.0,0.0,0.0,,0.0,3600.0,,0.0,0.0,0.0,7.0,1.0,0.0,3.0,0.0,0.0,,0.0,3600.0,,0.0,0.0,0.0,1.0,0.0,0.0,3.0,0.0,0.0,,0.0,3600.0,,0.0,0.0,0.0,2.0,0.0,0.0,3.0,0.0,0.0,,0.0,3600.0,,0.0,0.0,0.0,3.0,0.0,0.0,3.0,0.0,0.0,,0.0,3567.0,,0.0,33.0,0.0,4.0,0.0,0.0,3.0,0.0,0.0,,0.0,3600.0,,0.0,0.0,0.0,4.0,0.25,0.0,3.0,0.0,0.0,,0.0,3595.875,,0.0,4.125,0.0,2.0,0.4629100498862757,0.0,0.0,0.0,0.0,,0.0,11.667261889578034,,0.0,11.667261889578034,0.0,0.0,1.4401645996461911,0.0,0.0,0.0,0.0,,0.0,-2.8284271247461903,,0.0,2.8284271247461903,0.0,0.0
6.0,1.0,0.0,3.0,0.0,0.0,,0.0,3600.0,,0.0,0.0,0.0,7.0,1.0,0.0,3.0,0.0,0.0,,0.0,3600.0,,0.0,0.0,0.0,1.0,0.0,0.0,3.0,0.0,0.0,,0.0,3600.0,,0.0,0.0,19.0,2.0,0.0,1.0,3.0,0.0,0.0,,0.0,3600.0,,0.0,0.0,0.0,3.0,0.0,1.0,3.0,0.0,0.0,,0.0,3600.0,,0.0,0.0,0.0,4.0,0.0,1.0,3.0,0.0,0.0,,0.0,3600.0,,0.0,0.0,0.0,5.0,0.0,1.0,3.0,0.0,0.0,,0.0,3600.0,,0.0,0.0,0.0,6.0,1.0,1.0,3.0,0.0,0.0,,0.0,3600.0,,0.0,0.0,0.0,4.25,0.375,0.625,3.0,0.0,0.0,,0.0,3600.0,,0.0,0.0,2.375,2.1213203435596424,0.5175491695067657,0.5175491695067657,0.0,0.0,0.0,,0.0,0.0,,0.0,0.0,6.7175144212722016,-0.31426968052735443,0.6440611887195306,-0.6440611887195306,0.0,0.0,0.0,,0.0,0.0,,0.0,0.0,2.8284271247461903,-3.0
6.0,1.0,1.0,3.0,0.0,0.0,,0.0,3600.0,,0.0,0.0,0.0,7.0,1.0,1.0,3.0,0.0,0.0,,0.0,3515.0,,0.0,85.0,0.0,1.0,0.0,1.0,3.0,0.0,0.0,,0.0,3600.0,,0.0,0.0,0.0,2.0,0.0,1.0,3.0,0.0,0.0,,0.0,3600.0,,0.0,0.0,0.0,3.0,0.0,1.0,3.0,0.0,0.0,,0.0,3600.0,,0.0,0.0,0.0,4.0,0.0,1.0,3.0,0.0,0.0,,0.0,3600.0,,0.0,0.0,0.0,5.0,0.0,1.0,4.0,0.0,0.0,,0.0,3600.0,,0.0,0.0,0.0,6.0,1.0,1.0,4.0,0.0,0.0,,0.0,3600.0,,0.0,0.0,0.0,4.25,0.375,1.0,3.25,0.0,0.0,,0.0,3589.375,,0.0,10.625,0.0,2.1213203435596424,0.5175491695067657,0.0,0.4629100498862757,0.0,0.0,,0.0,30.05203820042827,,0.0,30.05203820042827,0.0,-0.31426968052735443,0.6440611887195306,0.0,1.4401645996461911,0.0,0.0,,0.0,-2.8284271247461903,,0.0,2.8284271247461903,0.0,0.0
7.0,1.0,1.0,4.0,0.0,0.0,,0.0,3600.0,,0.0,0.0,0.0,1.0,0.0,1.0,4.0,0.0,0.0,,0.0,3600.0,,0.0,0.0,0.0,2.0,0.0,1.0,4.0,0.0,0.0,,0.0,3600.0,,0.0,0.0,0.0,3.0,0.0,1.0,4.0,0.0,0.0,,0.0,3600.0,,0.0,0.0,0.0,4.0,0.0,1.0,4.0,0.0,0.0,,0.0,3600.0,,0.0,0.0,0.0,5.0,0.0,1.0,4.0,0.0,0.0,,0.0,3600.0,,0.0,0.0,0.0,6.0,1.0,1.0,4.0,0.0,0.0,,0.0,3600.0,,0.0,0.0,0.0,7.0,1.0,1.0,4.0,0.0,0.0,,0.0,3600.0,,0.0,0.0,0.0,4.375,0.375,1.0,4.0,0.0,0.0,,0.0,3600.0,,0.0,0.0,0.0,2.2638462845343543,0.5175491695067657,0.0,0.0,0.0,0.0,,0.0,0.0,,0.0,0.0,0.0,-0.22624995586066124,0.6440611887195306,0.0,0.0,0.0,0.0,,0.0,0.0,,0.0,0.0,0.0,-6.0
5.0,0.0,1.0,4.0,0.0,0.0,,0.0,3600.0,,0.0,0.0,0.0,6.0,1.0,1.0,4.0,0.0,0.0,,0.0,3600.0,,0.0,0.0,0.0,7.0,1.0,1.0,4.0,0.0,0.0,,0.0,3600.0,,0.0,0.0,0.0,1.0,0.0,1.0,4.0,0.0,0.0,,0.0,3600.0,,0.0,0.0,0.0,2.0,0.0,1.0,4.0,0.0,0.0,,0.0,3600.0,,0.0,0.0,0.0,3.0,0.0,1.0,4.0,0.0,0.0,,0.0,3600.0,,0.0,0.0,0.0,4.0,0.0,1.0,4.0,0.0,0.0,,0.0,3600.0,,0.0,0.0,0.0,5.0,0.0,1.0,4.0,0.0,0.0,,0.0,3600.0,,0.0,0.0,0.0,4.125,0.25,1.0,4.0,0.0,0.0,,0.0,3600.0,,0.0,0.0,0.0,2.03100960115899,0.4629100498862757,0.0,0.0,0.0,0.0,,0.0,0.0,,0.0,0.0,0.0,-0.2238027108715141,1.4401645996461911,0.0,0.0,0.0,0.0,,0.0,0.0,,0.0,0.0,0.0,-7.0
5.0,0.0,1.0,4.0,0.0,0.0,,0.0,3600.0,,0.0,0.0,0.0,6.0,1.0,0.0,4.0,0.0,0.0,,0.0,2734.0,,0.0,866.0,324.0,7.0,1.0,0.0,4.0,0.0,0.0,,0.0,3600.0,,0.0,0.0,0.0,1.0,0.0,0.0,4.0,0.0,0.0,,0.0,3600.0,,0.0,0.0,0.0,2.0,0.0,0.0,4.0,0.0,0.0,,0.0,3600.0,,0.0,0.0,0.0,3.0,0.0,0.0,4.0,0.0,0.0,,0.0,3600.0,,0.0,0.0,0.0,4.0,0.0,0.0,4.0,0.0,0.0,,0.0,3600.0,,0.0,0.0,0.0,5.0,0.0,0.0,4.0,0.0,0.0,,0.0,3600.0,,0.0,0.0,0.0,4.125,0.25,0.125,4.0,0.0,0.0,,0.0,3491.75,,0.0,108.25,40.5,2.03100960115899,0.4629100498862757,0.3535533905932738,0.0,0.0,0.0,,0.0,306.1772362537751,,0.0,306.1772362537751,114.5512985522207,-0.2238027108715141,1.4401645996461911,2.8284271247461903,0.0,0.0,0.0,,0.0,-2.82842712474619,,0.0,2.82842712474619,2.82842712474619,-4.0
3.0,0.0,0.0,1.0,0.0,0.0,,0.0,3600.0,,0.0,0.0,0.0,4.0,0.0,0.0,1.0,0.0,0.0,,0.0,3600.0,,0.0,0.0,0.0,5.0,0.0,0.0,1.0,0.0,0.0,,0.0,3600.0,,0.0,0.0,0.0,6.0,1.0,0.0,1.0,0.0,0.0,,0.0,3517.0,,0.0,83.0,88.0,7.0,1.0,0.0,1.0,0.0,0.0,,0.0,3600.0,,0.0,0.0,,1.0,0.0,0.0,1.0,0.0,0.0,,0.0,3600.0,,0.0,0.0,0.0,2.0,0.0,0.0,1.0,0.0,0.0,,0.0,3600.0,,0.0,0.0,0.0,3.0,0.0,0.0,1.0,0.0,0.0,,0.0,3600.0,,0.0,0.0,0.0,3.875,0.25,0.0,1.0,0.0,0.0,,0.0,3589.625,,0.0,10.375,12.571428571428571,2.03100960115899,0.4629100498862757,0.0,0.0,0.0,0.0,,0.0,29.34493141924172,,0.0,29.34493141924172,33.260873624812,0.2238027108715141,1.4401645996461911,0.0,0.0,0.0,0.0,,0.0,-2.8284271247461903,,0.0,2.8284271247461903,2.6457513110645903,13.0
6.0,1.0,0.0,1.0,0.0,0.0,,0.0,3600.0,,0.0,0.0,0.0,7.0,1.0,0.0,1.0,0.0,0.0,,0.0,3584.0,,0.0,16.0,39.0,1.0,0.0,0.0,1.0,0.0,0.0,,0.0,3600.0,,0.0,0.0,0.0,2.0,0.0,0.0,1.0,0.0,0.0,,0.0,3600.0,,0.0,0.0,0.0,3.0,0.0,0.0,1.0,0.0,0.0,,0.0,3600.0,,0.0,0.0,0.0,4.0,0.0,0.0,1.0,0.0,0.0,,0.0,3600.0,,0.0,0.0,0.0,5.0,0.0,0.0,2.0,0.0,0.0,,0.0,3600.0,,0.0,0.0,0.0,6.0,1.0,0.0,2.0,0.0,0.0,,0.0,3597.0,,0.0,3.0,0.0,4.25,0.375,0.0,1.25,0.0,0.0,,0.0,3597.625,,0.0,2.375,4.875,2.1213203435596424,0.5175491695067657,0.0,0.4629100498862757,0.0,0.0,,0.0,5.604526232048012,,0.0,5.604526232048012,13.788582233137676,-0.31426968052735443,0.6440611887195306,0.0,1.4401645996461911,0.0,0.0,,0.0,-2.6500346556816843,,0.0,2.6500346556816843,2.8284271247461903,-1.0
4.0,0.0,0.0,2.0,0.0,0.0,,0.0,3600.0,,0.0,0.0,0.0,5.0,0.0,0.0,2.0,0.0,0.0,,0.0,3600.0,,0.0,0.0,0.0,6.0,1.0,1.0,2.0,0.0,0.0,,0.0,3600.0,,0.0,0.0,0.0,7.0,1.0,1.0,2.0,0.0,0.0,,0.0,3600.0,,0.0,0.0,0.0,1.0,0.0,1.0,2.0,0.0,0.0,,0.0,3600.0,,0.0,0.0,0.0,2.0,0.0,1.0,2.0,0.0,0.0,,0.0,3600.0,,0.0,0.0,0.0,3.0,0.0,1.0,2.0,0.0,0.0,,0.0,3600.0,,0.0,0.0,0.0,4.0,0.0,1.0,2.0,0.0,0.0,,0.0,3600.0,,0.0,0.0,0.0,4.0,0.25,0.75,2.0,0.0,0.0,,0.0,3600.0,,0.0,0.0,0.0,2.0,0.4629100498862757,0.4629100498862757,0.0,0.0,0.0,,0.0,0.0,,0.0,0.0,0.0,0.0,1.4401645996461911,-1.4401645996461911,0.0,0.0,0.0,,0.0,0.0,,0.0,0.0,0.0,-2.0
5.0,0.0,0.0,3.0,0.0,0.0,,0.0,3600.0,,0.0,0.0,0.0,6.0,1.0,0.0,3.0,0.0,0.0,,0.0,3600.0,,0.0,0.0,0.0,7.0,1.0,0.0,3.0,0.0,0.0,,0.0,3600.0,,0.0,0.0,0.0,1.0,0.0,0.0,3.0,0.0,0.0,,0.0,3600.0,,0.0,0.0,0.0,2.0,0.0,0.0,3.0,0.0,0.0,,0.0,3600.0,,0.0,0.0,0.0,3.0,0.0,0.0,3.0,0.0,0.0,,0.0,3600.0,,0.0,0.0,0.0,4.0,0.0,0.0,3.0,0.0,0.0,,0.0,3600.0,,0.0,0.0,0.0,5.0,0.0,0.0,3.0,0.0,0.0,,0.0,3600.0,,0.0,0.0,0.0,4.125,0.25,0.0,3.0,0.0,0.0,,0.0,3600.0,,0.0,0.0,0.0,2.03100960115899,0.4629100498862757,0.0,0.0,0.0,0.0,,0.0,0.0,,0.0,0.0,0.0,-0.2238027108715141,1.4401645996461911,0.0,0.0,0.0,0.0,,0.0,0.0,,0.0,0.0,0.0,-9.0
3.0,0.0,0.0,3.0,0.0,0.0,,0.0,3600.0,,0.0,0.0,0.0,4.0,0.0,0.0,3.0,0.0,0.0,,0.0,3600.0,,0.0,0.0,0.0,5.0,0.0,0.0,3.0,0.0,0.0,,0.0,3600.0,,0.0,0.0,0.0,6.0,1.0,0.0,3.0,0.0,0.0,,0.0,3600.0,,0.0,0.0,0.0,7.0,1.0,0.0,3.0,0.0,0.0,,0.0,3600.0,,0.0,0.0,0.0,1.0,0.0,0.0,3.0,0.0,0.0,,0.0,3600.0,,0.0,0.0,0.0,2.0,0.0,0.0,3.0,0.0,0.0,,0.0,3600.0,,0.0,0.0,0.0,3.0,0.0,0.0,3.0,0.0,0.0,,0.0,3600.0,,0.0,0.0,0.0,3.875,0.25,0.0,3.0,0.0,0.0,,0.0,3600.0,,0.0,0.0,0.0,2.03100960115899,0.4629100498862757,0.0,0.0,0.0,0.0,,0.0,0.0,,0.0,0.0,0.0,0.2238027108715141,1.4401645996461911,0.0,0.0,0.0,0.0,,0.0,0.0,,0.0,0.0,0.0,6.0
6.0,1.0,0.0,3.0,0.0,0.0,,0.0,3600.0,,0.0,0.0,0.0,7.0,1.0,0.0,3.0,0.0,0.0,,0.0,3600.0,,0.0,0.0,0.0,1.0,0.0,0.0,3.0,0.0,0.0,,0.0,3600.0,,0.0,0.0,0.0,2.0,0.0,0.0,3.0,0.0,0.0,,0.0,3600.0,,0.0,0.0,0.0,3.0,0.0,0.0,3.0,0.0,0.0,,0.0,3600.0,,0.0,0.0,0.0,4.0,0.0,0.0,3.0,0.0,0.0,,0.0,3600.0,,0.0,0.0,0.0,5.0,0.0,0.0,3.0,0.0,0.0,,0.0,3406.0,,0.0,194.0,83.0,6.0,1.0,0.0,3.0,0.0,0.0,,0.0,3324.0,,0.0,276.0,1.0,4.25,0.375,0.0,3.0,0.0,0.0,,0.0,3541.25,,0.0,58.75,10.5,2.1213203435596424,0.5175491695067657,0.0,0.0,0.0,0.0,,0.0,110.96942950972708,,0.0,110.96942950972708,29.296513688248204,-0.31426968052735443,0.6440611887195306,0.0,0.0,0.0,0.0,,0.0,-1.6045235497691195,,0.0,1.6045235497691195,2.827624752618122,-4.0
3.0,0.0,0.0,4.0,0.0,0.0,,0.0,3600.0,,0.0,0.0,0.0,4.0,0.0,0.0,4.0,0.0,0.0,,0.0,3600.0,,0.0,0.0,0.0,5.0,0.0,0.0,4.0,0.0,0.0,,0.0,3600.0,,0.0,0.0,0.0,6.0,1.0,0.0,4.0,0.0,0.0,,0.0,3600.0,,0.0,0.0,0.0,7.0,1.0,0.0,4.0,0.0,0.0,,0.0,3600.0,,0.0,0.0,0.0,1.0,0.0,0.0,4.0,0.0,0.0,,0.0,3600.0,,0.0,0.0,0.0,2.0,0.0,0.0,4.0,0.0,0.0,,0.0,3600.0,,0.0,0.0,0.0,3.0,0.0,0.0,4.0,0.0,0.0,,0.0,3600.0,,0.0,0.0,0.0,3.875,0.25,0.0,4.0,0.0,0.0,,0.0,3600.0,,0.0,0.0,0.0,2.03100960115899,0.4629100498862757,0.0,0.0,0.0,0.0,,0.0,0.0,,0.0,0.0,0.0,0.2238027108715141,1.4401645996461911,0.0,0.0,0.0,0.0,,0.0,0.0,,0.0,0.0,0.0,-7.0
6.0,1.0,0.0,4.0,0.0,0.0,,0.0,3600.0,,0.0,0.0,0.0,7.0,1.0,0.0,4.0,0.0,0.0,,0.0,3600.0,,0.0,0.0,0.0,1.0,0.0,0.0,4.0,0.0,0.0,,0.0,3600.0,,0.0,0.0,0.0,2.0,0.0,0.0,4.0,0.0,0.0,,0.0,3600.0,,0.0,0.0,0.0,3.0,0.0,0.0,4.0,0.0,0.0,,0.0,3600.0,,0.0,0.0,0.0,4.0,0.0,0.0,4.0,0.0,0.0,,0.0,3600.0,,0.0,0.0,0.0,5.0,0.0,0.0,4.0,0.0,0.0,,0.0,3600.0,,0.0,0.0,0.0,6.0,1.0,0.0,4.0,0.0,0.0,,0.0,3600.0,,0.0,0.0,0.0,4.25,0.375,0.0,4.0,0.0,0.0,,0.0,3600.0,,0.0,0.0,0.0,2.1213203435596424,0.5175491695067657,0.0,0.0,0.0,0.0,,0.0,0.0,,0.0,0.0,0.0,-0.31426968052735443,0.6440611887195306,0.0,0.0,0.0,0.0,,0.0,0.0,,0.0,0.0,0.0,1.0
2.0,0.0,0.0,4.0,0.0,0.0,,0.0,3600.0,,0.0,0.0,0.0,3.0,0.0,0.0,4.0,0.0,0.0,,0.0,3600.0,,0.0,0.0,0.0,4.0,0.0,0.0,4.0,0.0,0.0,,0.0,3600.0,,0.0,0.0,0.0,5.0,0.0,0.0,4.0,0.0,0.0,,0.0,3600.0,,0.0,0.0,0.0,6.0,1.0,0.0,4.0,0.0,0.0,,0.0,3600.0,,0.0,0.0,0.0,7.0,1.0,0.0,4.0,0.0,0.0,,0.0,3600.0,,0.0,0.0,0.0,1.0,0.0,0.0,4.0,0.0,0.0,,0.0,3600.0,,0.0,0.0,0.0,2.0,0.0,0.0,4.0,0.0,0.0,,0.0,3403.0,,0.0,197.0,0.0,3.75,0.25,0.0,4.0,0.0,0.0,,0.0,3575.375,,0.0,24.625,0.0,2.1213203435596424,0.4629100498862757,0.0,0.0,0.0,0.0,,0.0,69.65001794687493,,0.0,69.65001794687493,0.0,0.31426968052735443,1.4401645996461911,0.0,0.0,0.0,0.0,,0.0,-2.8284271247461903,,0.0,2.8284271247461903,0.0,-9.0
5.0,0.0,0.0,1.0,0.0,0.0,,0.0,3600.0,,0.0,0.0,0.0,6.0,1.0,0.0,1.0,0.0,0.0,,0.0,3600.0,,0.0,0.0,0.0,7.0,1.0,0.0,1.0,0.0,0.0,,0.0,3600.0,,0.0,0.0,0.0,1.0,0.0,0.0,1.0,0.0,0.0,,0.0,3600.0,,0.0,0.0,0.0,2.0,0.0,0.0,1.0,0.0,0.0,,0.0,3600.0,,0.0,0.0,0.0,3.0,0.0,0.0,1.0,0.0,0.0,,0.0,3600.0,,0.0,0.0,0.0,4.0,0.0,0.0,1.0,0.0,0.0,,0.0,3600.0,,0.0,0.0,0.0,5.0,0.0,0.0,1.0,0.0,0.0,,0.0,3600.0,,0.0,0.0,0.0,4.125,0.25,0.0,1.0,0.0,0.0,,0.0,3600.0,,0.0,0.0,0.0,2.03100960115899,0.4629100498862757,0.0,0.0,0.0,0.0,,0.0,0.0,,0.0,0.0,0.0,-0.2238027108715141,1.4401645996461911,0.0,0.0,0.0,0.0,,0.0,0.0,,0.0,0.0,0.0,15.0
4.0,0.0,0.0,1.0,0.0,0.0,,0.0,3600.0,,0.0,0.0,0.0,5.0,0.0,0.0,1.0,0.0,0.0,,0.0,3600.0,,0.0,0.0,0.0,6.0,1.0,0.0,1.0,0.0,0.0,,0.0,3549.0,,0.0,51.0,0.0,7.0,1.0,0.0,1.0,0.0,0.0,,0.0,3600.0,,0.0,0.0,0.0,1.0,0.0,0.0,1.0,0.0,0.0,,0.0,3600.0,,0.0,0.0,0.0,2.0,0.0,0.0,1.0,0.0,0.0,,0.0,3600.0,,0.0,0.0,0.0,3.0,0.0,0.0,1.0,0.0,0.0,,0.0,3600.0,,0.0,0.0,0.0,4.0,0.0,0.0,1.0,0.0,0.0,,0.0,3600.0,,0.0,0.0,0.0,4.0,0.25,0.0,1.0,0.0,0.0,,0.0,3593.625,,0.0,6.375,0.0,2.0,0.4629100498862757,0.0,0.0,0.0,0.0,,0.0,18.031222920256962,,0.0,18.031222920256962,0.0,0.0,1.4401645996461911,0.0,0.0,0.0,0.0,,0.0,-2.8284271247461903,,0.0,2.8284271247461903,0.0,-1.0
6.0,1.0,0.0,1.0,0.0,0.0,,0.0,2257.0,,0.0,1343.0,0.0,7.0,1.0,0.0,1.0,0.0,0.0,,0.0,3600.0,,0.0,0.0,0.0,1.0,0.0,0.0,1.0,0.0,0.0,,0.0,2885.0,,0.0,715.0,55.0,2.0,0.0,0.0,1.0,0.0,0.0,,0.0,3600.0,,0.0,0.0,0.0,3.0,0.0,0.0,1.0,0.0,0.0,,0.0,3600.0,,0.0,0.0,0.0,4.0,0.0,0.0,1.0,0.0,0.0,,0.0,3600.0,,0.0,0.0,0.0,5.0,0.0,0.0,1.0,0.0,0.0,,0.0,3600.0,,0.0,0.0,0.0,6.0,1.0,0.0,1.0,0.0,0.0,,0.0,3600.0,,0.0,0.0,0.0,4.25,0.375,0.0,1.0,0.0,0.0,,0.0,3342.75,,0.0,257.25,6.875,2.1213203435596424,0.5175491695067657,0.0,0.0,0.0,0.0,,0.0,505.0393902600922,,0.0,505.0393902600922,19.445436482630058,-0.31426968052735443,0.6440611887195306,0.0,0.0,0.0,0.0,,0.0,-1.8833683472027951,,0.0,1.8833683472027951,2.8284271247461903,-6.0
2.0,0.0,0.0,1.0,0.0,0.0,,0.0,3600.0,,0.0,0.0,0.0,3.0,0.0,0.0,1.0,0.0,0.0,,0.0,3600.0,,0.0,0.0,0.0,4.0,0.0,0.0,1.0,0.0,0.0,,0.0,3600.0,,0.0,0.0,0.0,5.0,0.0,0.0,1.0,0.0,0.0,,0.0,3600.0,,0.0,0.0,0.0,6.0,1.0,0.0,1.0,0.0,0.0,,0.0,3600.0,,0.0,0.0,0.0,7.0,1.0,0.0,1.0,0.0,0.0,,0.0,3600.0,,0.0,0.0,0.0,1.0,0.0,0.0,1.0,0.0,0.0,,0.0,3600.0,,0.0,0.0,0.0,2.0,0.0,0.0,1.0,0.0,0.0,,0.0,3600.0,,0.0,0.0,0.0,3.75,0.25,0.0,1.0,0.0,0.0,,0.0,3600.0,,0.0,0.0,0.0,2.1213203435596424,0.4629100498862757,0.0,0.0,0.0,0.0,,0.0,0.0,,0.0,0.0,0.0,0.31426968052735443,1.4401645996461911,0.0,0.0,0.0,0.0,,0.0,0.0,,0.0,0.0,0.0,4.0
4.0,0.0,0.0,1.0,0.0,0.0,,0.0,3600.0,,0.0,0.0,0.0,5.0,0.0,0.0,1.0,0.0,0.0,,0.0,2632.0,,0.0,968.0,22.0,6.0,1.0,0.0,1.0,0.0,0.0,,0.0,3600.0,,0.0,0.0,0.0,7.0,1.0,0.0,2.0,0.0,0.0,,0.0,3600.0,,0.0,0.0,0.0,1.0,0.0,0.0,2.0,0.0,0.0,,0.0,3600.0,,0.0,0.0,0.0,2.0,0.0,0.0,2.0,0.0,0.0,,0.0,3600.0,,0.0,0.0,0.0,3.0,0.0,0.0,2.0,0.0,0.0,,0.0,3600.0,,0.0,0.0,0.0,4.0,0.0,0.0,2.0,0.0,0.0,,0.0,3600.0,,0.0,0.0,0.0,4.0,0.25,0.0,1.625,0.0,0.0,,0.0,3479.0,,0.0,121.0,2.75,2.0,0.4629100498862757,0.0,0.5175491695067657,0.0,0.0,,0.0,342.239682094289,,0.0,342.239682094289,7.7781745930520225,0.0,1.4401645996461911,0.0,-0.6440611887195306,0.0,0.0,,0.0,-2.82842712474619,,0.0,2.82842712474619,2.8284271247461903,1.0
7.0,1.0,0.0,2.0,0.0,0.0,,0.0,3600.0,,0.0,0.0,0.0,1.0,0.0,0.0,2.0,0.0,0.0,,0.0,3600.0,,0.0,0.0,0.0,2.0,0.0,0.0,2.0,0.0,0.0,,0.0,3600.0,,0.0,0.0,0.0,3.0,0.0,0.0,2.0,0.0,0.0,,0.0,3600.0,,0.0,0.0,0.0,4.0,0.0,0.0,2.0,0.0,0.0,,0.0,3600.0,,0.0,0.0,0.0,5.0,0.0,0.0,2.0,0.0,0.0,,0.0,3600.0,,0.0,0.0,0.0,6.0,1.0,0.0,2.0,0.0,0.0,,0.0,3600.0,,0.0,0.0,0.0,7.0,1.0,0.0,2.0,0.0,0.0,,0.0,3600.0,,0.0,0.0,0.0,4.375,0.375,0.0,2.0,0.0,0.0,,0.0,3600.0,,0.0,0.0,0.0,2.2638462845343543,0.5175491695067657,0.0,0.0,0.0,0.0,,0.0,0.0,,0.0,0.0,0.0,-0.22624995586066124,0.6440611887195306,0.0,0.0,0.0,0.0,,0.0,0.0,,0.0,0.0,0.0,-1.0
3.0,0.0,0.0,2.0,0.0,0.0,,0.0,3600.0,,0.0,0.0,0.0,4.0,0.0,0.0,2.0,0.0,0.0,,0.0,3600.0,,0.0,0.0,0.0,5.0,0.0,0.0,2.0,0.0,0.0,,0.0,3600.0,,0.0,0.0,0.0,6.0,1.0,0.0,2.0,0.0,0.0,,0.0,3600.0,,0.0,0.0,0.0,7.0,1.0,0.0,2.0,0.0,0.0,,0.0,3600.0,,0.0,0.0,0.0,1.0,0.0,0.0,2.0,0.0,0.0,,0.0,3600.0,,0.0,0.0,0.0,2.0,0.0,0.0,2.0,0.0,0.0,,0.0,3600.0,,0.0,0.0,0.0,3.0,0.0,0.0,2.0,0.0,0.0,,0.0,3503.0,,0.0,97.0,0.0,3.875,0.25,0.0,2.0,0.0,0.0,,0.0,3587.875,,0.0,12.125,0.0,2.03100960115899,0.4629100498862757,0.0,0.0,0.0,0.0,,0.0,34.294678887547555,,0.0,34.294678887547555,0.0,0.2238027108715141,1.4401645996461911,0.0,0.0,0.0,0.0,,0.0,-2.8284271247461903,,0.0,2.8284271247461903,0.0,12.0
4.0,0.0,0.0,4.0,0.0,0.0,,0.0,3600.0,,0.0,0.0,0.0,5.0,0.0,0.0,4.0,0.0,0.0,,0.0,3600.0,,0.0,0.0,0.0,6.0,1.0,0.0,4.0,0.0,0.0,,0.0,3600.0,,0.0,0.0,0.0,7.0,1.0,0.0,4.0,0.0,0.0,,0.0,3600.0,,0.0,0.0,0.0,1.0,0.0,0.0,4.0,0.0,0.0,,0.0,3600.0,,0.0,0.0,0.0,2.0,0.0,0.0,4.0,0.0,0.0,,0.0,3600.0,,0.0,0.0,0.0,3.0,0.0,0.0,4.0,0.0,0.0,,0.0,3600.0,,0.0,0.0,0.0,4.0,0.0,0.0,4.0,0.0,0.0,,0.0,3600.0,,0.0,0.0,0.0,4.0,0.25,0.0,4.0,0.0,0.0,,0.0,3600.0,,0.0,0.0,0.0,2.0,0.4629100498862757,0.0,0.0,0.0,0.0,,0.0,0.0,,0.0,0.0,0.0,0.0,1.4401645996461911,0.0,0.0,0.0,0.0,,0.0,0.0,,0.0,0.0,0.0,0.0
6.0,1.0,0.0,4.0,0.0,0.0,,0.0,3600.0,,0.0,0.0,0.0,7.0,1.0,0.0,4.0,0.0,0.0,,0.0,3600.0,,0.0,0.0,0.0,1.0,0.0,0.0,4.0,0.0,0.0,,0.0,3600.0,,0.0,0.0,0.0,2.0,0.0,0.0,4.0,0.0,0.0,,0.0,3600.0,,0.0,0.0,0.0,3.0,0.0,0.0,4.0,0.0,0.0,,0.0,3600.0,,0.0,0.0,0.0,4.0,0.0,0.0,4.0,0.0,0.0,,0.0,3600.0,,0.0,0.0,0.0,5.0,0.0,0.0,4.0,0.0,0.0,,0.0,3600.0,,0.0,0.0,0.0,6.0,1.0,0.0,4.0,0.0,0.0,,0.0,3600.0,,0.0,0.0,0.0,4.25,0.375,0.0,4.0,0.0,0.0,,0.0,3600.0,,0.0,0.0,0.0,2.1213203435596424,0.5175491695067657,0.0,0.0,0.0,0.0,,0.0,0.0,,0.0,0.0,0.0,-0.31426968052735443,0.6440611887195306,0.0,0.0,0.0,0.0,,0.0,0.0,,0.0,0.0,0.0,-1.0
5.0,0.0,1.0,1.0,0.0,0.0,,0.0,3522.0,,0.0,78.0,0.0,6.0,1.0,1.0,1.0,0.0,0.0,,0.0,3600.0,,0.0,0.0,0.0,7.0,1.0,1.0,1.0,0.0,0.0,,0.0,3600.0,,0.0,0.0,0.0,1.0,0.0,1.0,1.0,0.0,0.0,,0.0,3600.0,,0.0,0.0,0.0,2.0,0.0,1.0,1.0,0.0,0.0,,0.0,3600.0,,0.0,0.0,0.0,3.0,0.0,1.0,1.0,0.0,0.0,,0.0,3512.0,,0.0,88.0,0.0,4.0,0.0,0.0,1.0,0.0,0.0,,0.0,3600.0,,0.0,0.0,0.0,5.0,0.0,0.0,1.0,0.0,0.0,,0.0,3600.0,,0.0,0.0,0.0,4.125,0.25,0.75,1.0,0.0,0.0,,0.0,3579.25,,0.0,20.75,0.0,2.03100960115899,0.4629100498862757,0.4629100498862757,0.0,0.0,0.0,,0.0,38.51437579472297,,0.0,38.51437579472297,0.0,-0.2238027108715141,1.4401645996461911,-1.4401645996461911,0.0,0.0,0.0,,0.0,-1.460906517968178,,0.0,1.460906517968178,0.0,1.0
6.0,1.0,1.0,3.0,0.0,0.0,,0.0,3600.0,,0.0,0.0,0.0,7.0,1.0,1.0,3.0,376.0,0.0,,5.0,1774.0,,0.0,1445.0,369.0,1.0,0.0,1.0,3.0,0.0,0.0,,0.0,3600.0,,0.0,0.0,0.0,2.0,0.0,1.0,3.0,0.0,0.0,,0.0,3600.0,,0.0,0.0,,7.0,1.0,1.0,3.0,0.0,0.0,,0.0,3600.0,,0.0,0.0,0.0,1.0,0.0,1.0,3.0,0.0,0.0,,0.0,0.0,,0.0,3600.0,0.0,2.0,0.0,1.0,4.0,0.0,0.0,,0.0,3600.0,,0.0,0.0,0.0,3.0,0.0,1.0,4.0,0.0,0.0,,0.0,3600.0,,0.0,0.0,0.0,3.625,0.375,1.0,3.25,47.0,0.0,,0.625,2921.75,,0.0,630.625,52.714285714285715,2.615202805574687,0.5175491695067657,0.0,0.4629100498862757,132.93607486307093,0.0,,1.7677669529663689,1342.3908042848668,,0.0,1302.005150033703,139.46889054040486,0.48221751791330053,0.6440611887195306,0.0,1.4401645996461911,2.8284271247461903,0.0,,2.82842712474619,-1.9356067214706507,,0.0,2.176176028888643,2.6457513110645894,0.0
